"""
Proposal Covariance Matrix used to initialize the Sigma_0
Only used when starting the chain fresh, 
as the laster daisychain will load the proposal scalar variance and cov from pickle files
"""

import numpy as np

sigma_Beta_mu0_cov      = None
sigma_Beta_mu1_cov      = None
sigma_Beta_logsigma_cov = None
sigma_Beta_ksi_cov      = None
phi_cov                 = None
range_cov               = None
Beta_mu0_cov            = None
Beta_mu1_cov            = None
Beta_logsigma_cov       = None
Beta_ksi_cov            = None
R_log_cov               = None

sigma_Beta_mu0_cov      = 2.16294089
sigma_Beta_mu1_cov      = 0.01192788
sigma_Beta_logsigma_cov = 0.79275111
sigma_Beta_ksi_cov      = 0.21420632
phi_cov                 = np.array([[ 1.03931052e-02, -1.94770560e-03,  1.05651403e-04,
         5.00603529e-04,  1.12713786e-03,  9.92565549e-04,
         1.01164077e-03,  2.23925095e-04, -3.48769865e-04,
        -8.39280387e-04, -7.61401626e-04, -3.29709724e-04,
         1.23496506e-04],
       [-1.94770560e-03,  1.54537983e-02, -3.38361742e-06,
        -1.53307286e-04, -3.43315232e-04,  6.42540318e-04,
         2.46271975e-04,  7.57466768e-04, -3.62523009e-04,
        -1.09948025e-03, -1.13972467e-03, -1.24833636e-03,
        -5.37063382e-04],
       [ 1.05651403e-04, -3.38361742e-06,  1.20708690e-02,
        -1.70389451e-03,  3.12812721e-04, -1.08617075e-03,
        -2.61450315e-04,  1.82657509e-03, -1.35390651e-04,
        -1.23491674e-03, -4.10825749e-04, -1.92129418e-04,
         1.09806899e-04],
       [ 5.00603529e-04, -1.53307286e-04, -1.70389451e-03,
         1.66050227e-02,  2.33394960e-03,  8.05713422e-05,
         4.10331649e-04,  2.96058151e-04, -1.74060326e-03,
         9.71710847e-05,  2.12051502e-03, -8.36203784e-04,
        -5.40520182e-04],
       [ 1.12713786e-03, -3.43315232e-04,  3.12812721e-04,
         2.33394960e-03,  1.14440211e-02, -6.53346480e-04,
        -1.82931712e-03,  1.02414100e-03, -1.29294493e-03,
         7.58950028e-04, -5.07694803e-05, -8.34608771e-04,
        -1.96670461e-04],
       [ 9.92565549e-04,  6.42540318e-04, -1.08617075e-03,
         8.05713422e-05, -6.53346480e-04,  1.44052052e-02,
        -1.08522549e-03, -1.24067217e-03, -3.73834671e-04,
        -1.70754006e-04, -1.61408614e-03,  3.62358482e-05,
        -6.54850010e-04],
       [ 1.01164077e-03,  2.46271975e-04, -2.61450315e-04,
         4.10331649e-04, -1.82931712e-03, -1.08522549e-03,
         2.11256443e-02,  7.77990079e-04,  9.90498164e-04,
         2.68380279e-03,  7.70395638e-04, -1.23175124e-03,
        -1.03926414e-03],
       [ 2.23925095e-04,  7.57466768e-04,  1.82657509e-03,
         2.96058151e-04,  1.02414100e-03, -1.24067217e-03,
         7.77990079e-04,  1.29532222e-02, -5.47619374e-04,
         1.89990540e-03,  5.56215939e-04, -3.07287800e-04,
        -1.12928445e-04],
       [-3.48769865e-04, -3.62523009e-04, -1.35390651e-04,
        -1.74060326e-03, -1.29294493e-03, -3.73834671e-04,
         9.90498164e-04, -5.47619374e-04,  8.07425798e-03,
         9.65016430e-04, -1.50577618e-03, -3.00703940e-05,
        -5.52744461e-04],
       [-8.39280387e-04, -1.09948025e-03, -1.23491674e-03,
         9.71710847e-05,  7.58950028e-04, -1.70754006e-04,
         2.68380279e-03,  1.89990540e-03,  9.65016430e-04,
         1.69571743e-02, -1.32905459e-05, -3.64891671e-04,
         6.31026330e-04],
       [-7.61401626e-04, -1.13972467e-03, -4.10825749e-04,
         2.12051502e-03, -5.07694803e-05, -1.61408614e-03,
         7.70395638e-04,  5.56215939e-04, -1.50577618e-03,
        -1.32905459e-05,  1.12414136e-02, -8.83095852e-06,
        -3.58113124e-05],
       [-3.29709724e-04, -1.24833636e-03, -1.92129418e-04,
        -8.36203784e-04, -8.34608771e-04,  3.62358482e-05,
        -1.23175124e-03, -3.07287800e-04, -3.00703940e-05,
        -3.64891671e-04, -8.83095852e-06,  7.00929227e-03,
         3.24820213e-04],
       [ 1.23496506e-04, -5.37063382e-04,  1.09806899e-04,
        -5.40520182e-04, -1.96670461e-04, -6.54850010e-04,
        -1.03926414e-03, -1.12928445e-04, -5.52744461e-04,
         6.31026330e-04, -3.58113124e-05,  3.24820213e-04,
         7.06947256e-03]])
range_cov               = np.array([[ 2.19766891, -0.32049675,  0.64374028, -0.02898145,  0.35790554,
         0.43958637, -0.02941572,  0.38497784,  0.15293177,  0.42163797,
        -0.13728046,  1.41140904, -0.18396085],
       [-0.32049675,  0.94618562, -0.03486661, -0.07967272, -0.05758041,
         0.10373284,  0.18273253,  0.0391722 ,  0.01598428,  0.12187517,
         0.09508169,  0.18931032, -0.14092019],
       [ 0.64374028, -0.03486661,  1.37749726,  0.19860038,  0.19523615,
        -0.06288507,  0.26547522,  0.27104982,  0.15715698, -0.1037518 ,
         0.1310773 ,  0.92256609, -0.30902075],
       [-0.02898145, -0.07967272,  0.19860038,  1.21465188,  0.13101316,
        -0.05129073,  0.11228223,  0.17777249,  0.11930622, -0.15601717,
         0.24782096,  0.18783519, -0.2535426 ],
       [ 0.35790554, -0.05758041,  0.19523615,  0.13101316,  1.42618827,
        -0.26861048,  0.12579847, -0.25826398,  0.13176735, -0.39220565,
         0.14415587,  0.4199087 , -0.1824737 ],
       [ 0.43958637,  0.10373284, -0.06288507, -0.05129073, -0.26861048,
         1.13672018,  0.55579234,  0.08484709, -0.03240541,  0.30221041,
         0.07532223,  0.45681428, -0.20610766],
       [-0.02941572,  0.18273253,  0.26547522,  0.11228223,  0.12579847,
         0.55579234,  1.42325816, -0.05674975, -0.02672908,  0.19834231,
         0.09849174,  0.57610345, -0.38714007],
       [ 0.38497784,  0.0391722 ,  0.27104982,  0.17777249, -0.25826398,
         0.08484709, -0.05674975,  0.60018016,  0.12526654,  0.13964783,
         0.06466961,  0.39426894, -0.09076413],
       [ 0.15293177,  0.01598428,  0.15715698,  0.11930622,  0.13176735,
        -0.03240541, -0.02672908,  0.12526654,  0.14948172, -0.03332579,
         0.03086994,  0.19707556, -0.0791567 ],
       [ 0.42163797,  0.12187517, -0.1037518 , -0.15601717, -0.39220565,
         0.30221041,  0.19834231,  0.13964783, -0.03332579,  0.93710908,
        -0.30206196,  0.4763985 , -0.04952973],
       [-0.13728046,  0.09508169,  0.1310773 ,  0.24782096,  0.14415587,
         0.07532223,  0.09849174,  0.06466961,  0.03086994, -0.30206196,
         0.45602525,  0.06770516, -0.07761774],
       [ 1.41140904,  0.18931032,  0.92256609,  0.18783519,  0.4199087 ,
         0.45681428,  0.57610345,  0.39426894,  0.19707556,  0.4763985 ,
         0.06770516,  1.8168078 , -0.4827878 ],
       [-0.18396085, -0.14092019, -0.30902075, -0.2535426 , -0.1824737 ,
        -0.20610766, -0.38714007, -0.09076413, -0.0791567 , -0.04952973,
        -0.07761774, -0.4827878 ,  0.35110314]])
Beta_mu0_cov            = np.array([[ 3.38861179e+01, -1.16052001e+00, -3.00516430e+01,
        -1.40995810e-01, -3.67879991e-01,  2.52588555e+00,
         9.37011201e-01, -5.46776824e-01, -1.95160933e+00,
        -2.07525899e-01, -7.13757527e-01, -1.23332613e+00,
         1.34831333e+00],
       [-1.16052001e+00,  7.14737902e-01, -8.05741128e-01,
        -3.24717342e-02, -3.79508948e-01,  1.90165061e-01,
         1.46645166e-01, -7.95201603e-02, -6.09601945e-02,
        -1.42395500e-01,  1.80739252e-01,  6.11105302e-01,
         1.44331218e-01],
       [-3.00516430e+01, -8.05741128e-01,  3.51778579e+01,
        -3.12886812e-01,  1.64513398e+00, -1.42781524e+00,
        -9.07305771e-01,  6.47580996e-01,  4.04702519e+00,
         1.45088527e+00,  3.49536300e-01, -1.15045010e+00,
        -1.99194805e-01],
       [-1.40995810e-01, -3.24717342e-02, -3.12886812e-01,
         7.36590748e-01,  7.97126745e-02, -5.51671116e-02,
        -2.24072113e-01,  7.01121376e-02, -4.99930323e-01,
         7.57685353e-03, -1.25435960e-01,  2.75213826e-01,
        -2.57198375e-01],
       [-3.67879991e-01, -3.79508948e-01,  1.64513398e+00,
         7.97126745e-02,  7.63087305e-01, -2.00157292e-01,
        -1.88954894e-01,  1.60212690e-01,  1.77045228e-02,
         2.09501773e-01, -7.81760024e-02, -3.80040078e-01,
        -1.22589731e-01],
       [ 2.52588555e+00,  1.90165061e-01, -1.42781524e+00,
        -5.51671116e-02, -2.00157292e-01,  2.65491323e+00,
         3.09876894e-01, -2.31319749e-01,  3.79827618e-01,
         9.23526400e-01,  9.79122280e-02, -2.58759704e-01,
         2.02218097e+00],
       [ 9.37011201e-01,  1.46645166e-01, -9.07305771e-01,
        -2.24072113e-01, -1.88954894e-01,  3.09876894e-01,
         1.44451947e+00, -2.16020476e-01,  1.11208167e-01,
         1.93494459e-01,  1.59605328e-01, -8.99670286e-01,
         5.28848152e-01],
       [-5.46776824e-01, -7.95201603e-02,  6.47580996e-01,
         7.01121376e-02,  1.60212690e-01, -2.31319749e-01,
        -2.16020476e-01,  2.66828268e-01, -9.08949325e-02,
        -4.23562516e-02, -5.19047489e-02,  7.95832927e-02,
        -2.01987979e-01],
       [-1.95160933e+00, -6.09601945e-02,  4.04702519e+00,
        -4.99930323e-01,  1.77045228e-02,  3.79827618e-01,
         1.11208167e-01, -9.08949325e-02,  2.06866346e+00,
         1.55974045e-01,  3.35962363e-02, -2.90405344e-01,
         6.15237805e-01],
       [-2.07525899e-01, -1.42395500e-01,  1.45088527e+00,
         7.57685353e-03,  2.09501773e-01,  9.23526400e-01,
         1.93494459e-01, -4.23562516e-02,  1.55974045e-01,
         1.68885346e+00,  6.29371834e-02, -1.28328870e+00,
         8.93429212e-01],
       [-7.13757527e-01,  1.80739252e-01,  3.49536300e-01,
        -1.25435960e-01, -7.81760024e-02,  9.79122280e-02,
         1.59605328e-01, -5.19047489e-02,  3.35962363e-02,
         6.29371834e-02,  3.53536525e-01,  5.82695615e-02,
         1.36336952e-01],
       [-1.23332613e+00,  6.11105302e-01, -1.15045010e+00,
         2.75213826e-01, -3.80040078e-01, -2.58759704e-01,
        -8.99670286e-01,  7.95832927e-02, -2.90405344e-01,
        -1.28328870e+00,  5.82695615e-02,  2.58647188e+00,
        -5.69700296e-01],
       [ 1.34831333e+00,  1.44331218e-01, -1.99194805e-01,
        -2.57198375e-01, -1.22589731e-01,  2.02218097e+00,
         5.28848152e-01, -2.01987979e-01,  6.15237805e-01,
         8.93429212e-01,  1.36336952e-01, -5.69700296e-01,
         2.09197807e+00]])

Beta_logsigma_cov       = np.array([[ 0.00561828, -0.00118513],
       [-0.00118513,  0.00048974]])
Beta_ksi_cov            = np.array([[ 0.00225157, -0.00074639],
       [-0.00074639,  0.00039962]])
